1
1
9
0
(8 0
((0,0) (31,31) (0,0))
((32,0) (47,31) (0,0))
((0,32) (31,47) (0,0))
((32,32) (47,47) (0,0))
((48,0) (71,31) (0,0))
((72,0) (87,31) (0,0))
((48,32) (71,47) (0,0))
((72,32) (87,47) (0,0))
)
8
FabOnDisk: Cell_D_00001 55463
FabOnDisk: Cell_D_00000 46248
FabOnDisk: Cell_D_00001 18516
FabOnDisk: Cell_D_00000 27732
FabOnDisk: Cell_D_00003 0
FabOnDisk: Cell_D_00002 0
FabOnDisk: Cell_D_00000 0
FabOnDisk: Cell_D_00001 0

8,9
-1.0431138387377171e-03,0.0000000000000000e+00,1.3023803152858427e+01,0.0000000000000000e+00,-2.1755581363268562e-03,0.0000000000000000e+00,0.0000000000000000e+00,-1.0000000000000000e+02,0.0000000000000000e+00,
-5.0965729664646331e-04,0.0000000000000000e+00,1.4230846365914525e+01,0.0000000000000000e+00,-6.7597308979009947e-04,0.0000000000000000e+00,0.0000000000000000e+00,-1.0000000000000000e+02,0.0000000000000000e+00,
-1.2165751773092668e-04,2.3114363850178818e-04,1.1045414427802783e+01,2.3114511615178048e-04,-2.6381449782294798e-04,4.8430040991218194e-18,3.6429748405529251e-04,-1.0000000000000000e+02,4.3048673401800876e-18,
-7.1554728598638954e-05,3.0234174488030828e-04,1.0815912601279036e+01,3.0565689838130984e-04,-1.9861051887619136e-04,6.9685242486950381e-18,8.1443880065843952e-04,-1.0000000000000000e+02,2.1516501995895973e-17,
0.0000000000000000e+00,0.0000000000000000e+00,1.1037692088459259e+01,0.0000000000000000e+00,-7.0784604224593903e-03,0.0000000000000000e+00,0.0000000000000000e+00,-1.0000000000000000e+02,0.0000000000000000e+00,
2.0861668794647334e-04,3.4559857968838663e-06,9.1157446682828791e+00,2.4336620388467489e-04,3.7508411269893257e-05,3.0594250039888291e-19,4.9390989652763778e-04,-1.0000000000000000e+02,7.9131511268284107e-18,
9.3264195792918167e-05,1.8665412348197862e-04,9.2957366768232799e+00,2.3972982879167336e-04,-1.6043400616761675e-04,2.9758601738868717e-19,5.1653340001129732e-04,-1.0000000000000000e+02,8.6546439124799026e-18,
1.3789988767197843e-04,1.1643679693161484e-04,8.1539667571449890e+00,1.8048242767548973e-04,-4.1955481695457489e-06,9.9430447971497705e-18,3.0181267602206313e-04,-1.0000000000000000e+02,2.9548148857270058e-18,

8,9
0.0000000000000000e+00,1.2053980312707701e-03,1.9999996294059756e+01,1.3498045878823216e-03,1.1029940266228066e-02,7.6796500191241887e-02,1.0983329864348568e-02,1.0000000000000000e+02,8.5311284284107658e-01,
5.0420621574795823e-04,1.5246358808300772e-03,1.9999996294059756e+01,1.5727790446154067e-03,4.6153099694786716e-03,8.0181440028303852e-02,1.1816609007318480e-02,1.0000000000000000e+02,1.0379218836412387e+00,
1.1214453504514581e-05,5.4951943315832415e-04,1.4188745877533819e+01,5.5556338832089412e-04,1.0994941677087970e-02,4.1262505400495829e-04,1.0955052968752550e-02,-1.0000000000000000e+02,3.8930240379179093e-15,
1.6447654472128120e-04,6.2565185770793003e-04,1.4324606525197783e+01,6.3033697006741475e-04,-4.2730415795915459e-05,4.8010392074881910e-04,2.3975618552485680e-03,-1.0000000000000000e+02,1.8646371328232001e-16,
1.6775433437925937e-03,1.4266639570960369e-03,1.9999996294059756e+01,1.6780345220403631e-03,2.6132113754902897e-03,9.0322824435743895e-02,1.1565359391278720e-02,1.0000000000000000e+02,9.1079120091578003e-01,
7.2204918096776681e-04,2.6575882750113516e-04,1.4018818059564598e+01,7.2213333898173907e-04,4.5709751185557204e-04,1.4228011942849368e-04,3.1694227078573026e-03,-1.0000000000000000e+02,3.2584816670217482e-16,
2.8510818887978503e-04,5.8692546095688190e-04,1.3848536220859252e+01,6.1376580395361836e-04,4.3476708104246166e-05,4.4697196753292487e-04,2.2883732549164107e-03,-1.0000000000000000e+02,1.6986676545664123e-16,
2.6807361499405098e-04,2.4289535502264136e-04,1.0781123672675257e+01,3.6174800144237655e-04,6.0904910660418139e-05,7.2817180967840679e-05,1.0484480755109493e-03,-1.0000000000000000e+02,3.5657408400327304e-17,

