1
1
9
0
(8 0
((16,0) (47,31) (0,0))
((48,0) (79,31) (0,0))
((16,32) (47,63) (0,0))
((48,32) (79,63) (0,0))
((80,0) (111,31) (0,0))
((112,0) (143,31) (0,0))
((80,32) (111,63) (0,0))
((112,32) (143,63) (0,0))
)
8
FabOnDisk: Cell_D_00000 73812
FabOnDisk: Cell_D_00001 0
FabOnDisk: Cell_D_00003 73813
FabOnDisk: Cell_D_00000 0
FabOnDisk: Cell_D_00000 147623
FabOnDisk: Cell_D_00002 0
FabOnDisk: Cell_D_00003 0
FabOnDisk: Cell_D_00002 73813

8,9
-1.0358408979606081e-03,0.0000000000000000e+00,1.5313095753711975e+01,0.0000000000000000e+00,0.0000000000000000e+00,0.0000000000000000e+00,0.0000000000000000e+00,-1.0000000000000000e+02,0.0000000000000000e+00,
-9.4862934398797774e-04,0.0000000000000000e+00,1.8601105471202739e+01,0.0000000000000000e+00,0.0000000000000000e+00,0.0000000000000000e+00,0.0000000000000000e+00,-6.0631186662689393e-02,0.0000000000000000e+00,
-6.4938325103445051e-04,2.4900469015986816e-04,1.3123831442813604e+01,2.9416742595216798e-04,-3.0399468528086518e-06,1.1381675032321425e-17,6.4814112729537300e-04,-1.0000000000000000e+02,1.3626870524049407e-17,
-7.9646135837950537e-04,0.0000000000000000e+00,1.3977207251426300e+01,0.0000000000000000e+00,-7.0017418921970004e-04,0.0000000000000000e+00,0.0000000000000000e+00,-1.0000000000000000e+02,0.0000000000000000e+00,
0.0000000000000000e+00,0.0000000000000000e+00,1.9102559485688623e+01,0.0000000000000000e+00,0.0000000000000000e+00,0.0000000000000000e+00,0.0000000000000000e+00,-2.7498200419709431e-02,0.0000000000000000e+00,
0.0000000000000000e+00,0.0000000000000000e+00,1.3088826196063224e+01,0.0000000000000000e+00,0.0000000000000000e+00,0.0000000000000000e+00,0.0000000000000000e+00,-1.0000000000000000e+02,0.0000000000000000e+00,
-4.7144981470477110e-05,0.0000000000000000e+00,1.3234889762576056e+01,0.0000000000000000e+00,-7.3735897548172027e-04,0.0000000000000000e+00,0.0000000000000000e+00,-1.0000000000000000e+02,0.0000000000000000e+00,
2.7501326000073574e-04,2.5227248916516470e-04,1.0972132709873112e+01,3.7586556264313539e-04,-8.9202557198349015e-05,1.2352039704111846e-18,9.9160986422655215e-04,-1.0000000000000000e+02,3.1896268167791062e-17,

8,9
0.0000000000000000e+00,6.8397079310213984e-04,1.9999996294059756e+01,1.1759271683461502e-03,1.9092885500659263e-03,1.2044827624732703e-01,8.3742625226719391e-03,7.9780121393571130e-02,8.2251424279743857e-01,
0.0000000000000000e+00,9.9539286182212744e-04,1.9999996294059756e+01,1.2954333835513226e-03,1.5547353279743549e-03,1.2820302223748575e-01,9.0895760634430132e-03,1.0000000000000000e+02,7.6025633746672483e-01,
-6.5627111565497631e-05,6.7984670382734039e-04,1.8266467275285308e+01,9.4015432107126518e-04,4.0425539080108036e-04,4.7719960236136005e-04,5.8336887655266335e-03,-7.7887796863276237e-02,1.1040117892690820e-15,
2.9974613452968410e-05,1.4628879059185511e-03,1.9999996294059756e+01,1.4806109994077359e-03,1.1879706052099338e-03,1.5177929798011353e-01,1.0004573380720904e-02,1.0216137685255630e-01,9.8808122661184949e-01,
1.1830202908665725e-03,1.2371375139892220e-03,1.9999996294059756e+01,1.6417299240401408e-03,8.6919269969449806e-04,1.8495689573491012e-01,1.1320159234567650e-02,1.0000000000000000e+02,6.8120262704861911e-01,
1.6539684780199613e-03,1.0964495715570525e-03,1.9999996294059756e+01,1.6749803950740529e-03,1.7155915922524966e-03,1.7453051277571971e-01,1.1599397136080419e-02,1.0000000000000000e+02,1.2091208431867519e+00,
9.9327006396208789e-04,1.5302695476020868e-03,1.9999996294059756e+01,1.6287961357568960e-03,7.2399726342668117e-04,1.6824706300843995e-01,1.1270517985767461e-02,1.0322947396767809e-01,1.2505272496418283e+00,
9.5664119125087033e-04,1.0051425484305931e-03,1.8608034492775491e+01,1.3876144678776708e-03,3.4694453675847541e-04,5.6976850696678898e-04,8.7721640498534276e-03,-4.4751612899955252e-02,2.4962237179611940e-15,

