1
1
9
0
(12 0
((0,0) (7,7) (0,0))
((8,0) (15,7) (0,0))
((0,8) (7,15) (0,0))
((8,8) (15,15) (0,0))
((16,0) (23,7) (0,0))
((24,0) (31,7) (0,0))
((16,8) (23,15) (0,0))
((24,8) (31,15) (0,0))
((0,16) (7,23) (0,0))
((8,16) (15,23) (0,0))
((16,16) (23,23) (0,0))
((24,16) (31,23) (0,0))
)
12
FabOnDisk: Cell_D_00000 14069
FabOnDisk: Cell_D_00000 4691
FabOnDisk: Cell_D_00000 9380
FabOnDisk: Cell_D_00003 0
FabOnDisk: Cell_D_00001 0
FabOnDisk: Cell_D_00001 4690
FabOnDisk: Cell_D_00003 4690
FabOnDisk: Cell_D_00001 9380
FabOnDisk: Cell_D_00001 14071
FabOnDisk: Cell_D_00000 0
FabOnDisk: Cell_D_00002 0
FabOnDisk: Cell_D_00002 4692

12,9
-2.8430558966045376e-04,0.0000000000000000e+00,4.7905678154937634e+00,0.0000000000000000e+00,-6.3875003389048048e-04,0.0000000000000000e+00,0.0000000000000000e+00,-3.0586788379266250e+00,0.0000000000000000e+00,
1.6970768119949111e-05,8.1999745810417031e-07,3.2613578540098871e+00,1.8983397754338022e-05,1.1209532909015346e-06,1.3259595144077402e-09,9.8935039019241526e-06,-1.0000000000000000e+02,3.1839037754752746e-21,
6.4374533607456833e-07,1.6523962692625379e-05,3.2268004932614431e+00,1.8141241188810949e-05,-4.3671683406236867e-06,1.9434168573552104e-20,9.2276983509901916e-06,-1.0000000000000000e+02,2.7621136192196600e-21,
7.9314465890927758e-06,8.2371761906057479e-06,2.7102297469600174e+00,1.1504943885949403e-05,-2.3627853207124290e-07,7.7809493462986907e-21,4.7285480779716505e-06,-1.0000000000000000e+02,7.2528780973884560e-22,
8.7608565789428816e-06,2.2006472368962729e-07,2.4955225177840168e+00,9.2059978784792129e-06,4.4425428117482590e-07,1.5170257097798534e-21,3.3400547642541554e-06,-1.0000000000000000e+02,3.6187779304124031e-22,
5.1715566966256670e-06,9.0273101967185761e-08,2.0741706674654909e+00,5.3181113418785954e-06,1.8927879305800850e-07,2.8398476046190620e-21,1.2609620145749428e-06,-1.0000000000000000e+02,5.1577325167299311e-23,
5.8467594771727540e-06,3.0763199380016824e-06,2.2752136284605267e+00,7.0127177946549451e-06,1.9442600386849918e-07,2.0937890628575873e-20,2.2088861213282114e-06,-1.0000000000000000e+02,1.5827102406980614e-22,
4.0482126170479209e-06,1.3727192417599093e-06,1.9692009123437741e+00,4.5151820348170059e-06,1.0907008978061864e-07,3.0622730923811944e-21,1.0297484518130476e-06,-1.0000000000000000e+02,3.4396716559624305e-23,
2.0440273618390981e-07,8.3419639468255558e-06,2.4877088609645184e+00,8.7592215300741076e-06,-1.0958444400303043e-06,1.0704547898421755e-20,3.3349984946515455e-06,-1.0000000000000000e+02,3.6078297538559743e-22,
2.9210819676557206e-06,5.6885431531797361e-06,2.2750036939841638e+00,6.8462021891665944e-06,-2.3831722804765845e-07,1.7546967579626641e-20,2.1370213578677077e-06,-1.0000000000000000e+02,1.4814004749503103e-22,
3.5671400693685318e-06,3.4881162530096385e-06,2.0400959660249791e+00,4.9891325166810848e-06,-1.5942518662168216e-08,3.7191270477319814e-20,1.3051404644073176e-06,-1.0000000000000000e+02,5.5254706564640777e-23,
2.9148525567118953e-06,2.0472625755455368e-06,1.8368318991275536e+00,3.6125916458797661e-06,3.9814860007576324e-08,1.5055292316200507e-20,7.1128164031522751e-07,-1.0000000000000000e+02,1.6411109383322938e-23,

12,9
7.7113573228657431e-04,5.9972686238246088e-04,1.9999996294059756e+01,7.8368691514694045e-04,1.0768834430545297e-03,6.4626540711287669e-03,5.3811989652374223e-03,2.6019017723098270e-01,3.9097765246947892e-02,
9.5489618761764191e-05,3.4794133481415685e-05,6.1370757782842364e+00,9.5738664132326659e-05,1.7261994747492267e-05,8.6749497135173025e-07,1.2508809797305025e-04,-1.8353324976293199e+00,5.1912276846563398e-19,
2.5583993503655276e-05,6.2542108844820173e-05,5.4973338205097244e+00,6.2603731278811536e-05,1.5560602000517834e-04,6.2299308826961750e-06,1.6343381630648559e-04,-2.8321501516991030e+00,1.7521583575139781e-18,
2.5181077462110296e-05,2.7984754588606215e-05,4.3199322240422307e+00,3.7646157194822898e-05,1.6959664067285168e-06,2.4511915226404275e-06,2.6295881162490187e-05,-3.6012161415351023e+00,2.3429039093549789e-20,
2.1113961736771014e-05,7.2538219785867505e-06,3.3838763353493997e+00,2.1124518499811855e-05,1.6970355634715466e-06,7.6350955013358347e-08,1.1813136548166866e-05,-1.0000000000000000e+02,4.5267364095000239e-21,
9.3644556512952986e-06,2.5193984868463813e-06,2.5086305259719714e+00,9.3664561692446203e-06,4.9555361793469223e-07,2.1588552192430706e-07,3.4355730682034945e-06,-1.0000000000000000e+02,3.8287158568703357e-22,
1.4388961249899736e-05,7.9390999616742256e-06,3.0763533483438543e+00,1.6270626705063426e-05,8.7863290486070096e-07,1.1390668341351028e-07,7.9796556961841444e-06,-1.0000000000000000e+02,2.0654898452464411e-21,
7.8507606160362612e-06,3.5447083309038516e-06,2.4089525089206938e+00,8.3181702196407143e-06,3.7189513487506203e-07,1.0570483330138414e-07,2.8645301755735863e-06,-1.0000000000000000e+02,2.6617150505354158e-22,
6.4586927662315389e-06,1.9306040743016624e-05,3.3162801979200154e+00,1.9313677831884649e-05,4.8599471081700538e-05,7.4863836089717385e-07,4.9970491404312238e-05,-1.0000000000000000e+02,8.0999441271577718e-20,
7.5422711148596934e-06,1.4078196569027944e-05,3.0515487923613454e+00,1.5669903791869959e-05,1.4135512462062050e-07,3.6605581266951553e-07,7.4234890248221430e-06,-1.0000000000000000e+02,1.7876022916885019e-21,
7.1030683289428579e-06,7.2339769779642322e-06,2.5908559382206739e+00,1.0138244552354594e-05,1.8427720566087700e-07,2.6857517038551946e-07,3.8932218306252772e-06,-1.0000000000000000e+02,4.9166926546304505e-22,
5.2804250066496808e-06,3.5618806996945934e-06,2.2027751460616489e+00,6.3694491417789127e-06,1.6334291181860367e-07,1.6144949961546043e-07,1.9062250046247941e-06,-1.0000000000000000e+02,1.1786995121849706e-22,

