HyperCLaw-V1.1
9
u
v
P
velmag
omega
divU
strain rate
Psi
Temperature
2
5.0000000000000002e-05
8
0 0 
100 50 
2 2 2 2 2 2 2 2 
((0,0) (63,31) (0,0)) ((0,0) (127,63) (0,0)) ((0,0) (255,127) (0,0)) ((0,0) (511,255) (0,0)) ((0,0) (1023,511) (0,0)) ((0,0) (2047,1023) (0,0)) ((0,0) (4095,2047) (0,0)) ((0,0) (8191,4095) (0,0)) ((0,0) (16383,8191) (0,0)) 
1 1 1 1 1 1 1 1 1 
1.5625 1.5625 
0.78125 0.78125 
0.390625 0.390625 
0.1953125 0.1953125 
0.09765625 0.09765625 
0.048828125 0.048828125 
0.0244140625 0.0244140625 
0.01220703125 0.01220703125 
0.006103515625 0.006103515625 
0
0
0 8 5.0000000000000002e-05
1
0 25
0 25
25 50
0 25
0 25
25 50
25 50
25 50
50 75
0 25
75 100
0 25
50 75
25 50
75 100
25 50
Level_0/Cell
1 9 5.0000000000000002e-05
1
0 6.25
0 6.25
6.25 12.5
0 6.25
0 6.25
6.25 12.5
6.25 12.5
6.25 12.5
12.5 18.75
0 6.25
12.5 18.75
6.25 12.5
0 6.25
12.5 18.75
6.25 12.5
12.5 18.75
12.5 18.75
12.5 18.75
Level_1/Cell
2 12 5.0000000000000002e-05
1
0 3.125
0 3.125
3.125 6.25
0 3.125
0 3.125
3.125 6.25
3.125 6.25
3.125 6.25
6.25 9.375
0 3.125
9.375 12.5
0 3.125
6.25 9.375
3.125 6.25
9.375 12.5
3.125 6.25
0 3.125
6.25 9.375
3.125 6.25
6.25 9.375
6.25 9.375
6.25 9.375
9.375 12.5
6.25 9.375
Level_2/Cell
3 12 5.0000000000000002e-05
1
0 1.5625
0 1.5625
1.5625 3.125
0 1.5625
0 1.5625
1.5625 3.125
1.5625 3.125
1.5625 3.125
3.125 4.6875
0 1.5625
4.6875 6.25
0 1.5625
3.125 4.6875
1.5625 3.125
4.6875 6.25
1.5625 3.125
0 1.5625
3.125 4.6875
1.5625 3.125
3.125 4.6875
3.125 4.6875
3.125 4.6875
4.6875 6.25
3.125 4.6875
Level_3/Cell
4 12 5.0000000000000002e-05
1
0 1.5625
0 0.78125
0 1.5625
0.78125 1.5625
1.5625 2.34375
0 0.78125
1.5625 2.34375
0.78125 1.5625
0 1.5625
1.5625 2.34375
0 1.5625
2.34375 3.125
1.5625 2.34375
1.5625 2.34375
1.5625 2.34375
2.34375 3.125
2.34375 3.90625
0 0.78125
2.34375 3.90625
0.78125 1.5625
2.34375 3.90625
1.5625 2.34375
2.34375 3.90625
2.34375 3.125
Level_4/Cell
5 8 5.0000000000000002e-05
1
0 0.78125
0 0.78125
0.78125 1.5625
0 0.78125
0 0.78125
0.78125 1.5625
0.78125 1.5625
0.78125 1.5625
1.5625 2.34375
0 0.78125
2.34375 2.734375
0 0.78125
1.5625 2.34375
0.78125 1.5625
2.34375 2.734375
0.78125 1.5625
Level_5/Cell
6 8 5.0000000000000002e-05
1
0 0.78125
0 0.78125
0.78125 1.171875
0 0.78125
0 0.78125
0.78125 1.171875
0.78125 1.171875
0.78125 1.171875
1.171875 1.7578125
0 0.78125
1.7578125 2.1484375
0 0.78125
1.171875 1.7578125
0.78125 1.171875
1.7578125 2.1484375
0.78125 1.171875
Level_6/Cell
7 8 5.0000000000000002e-05
1
0.1953125 0.5859375
0 0.390625
0.5859375 0.9765625
0 0.390625
0.1953125 0.5859375
0.390625 0.78125
0.5859375 0.9765625
0.390625 0.78125
0.9765625 1.3671875
0 0.390625
1.3671875 1.7578125
0 0.390625
0.9765625 1.3671875
0.390625 0.78125
1.3671875 1.7578125
0.390625 0.78125
Level_7/Cell
8 8 5.0000000000000002e-05
1
0.341796875 0.732421875
0 0.341796875
0.732421875 1.025390625
0 0.341796875
0.341796875 0.732421875
0.341796875 0.634765625
0.732421875 1.025390625
0.341796875 0.634765625
1.025390625 1.3671875
0 0.341796875
1.3671875 1.66015625
0 0.341796875
1.025390625 1.3671875
0.341796875 0.634765625
1.3671875 1.66015625
0.341796875 0.634765625
Level_8/Cell
