1
1
9
0
(12 0
((0,0) (15,7) (0,0))
((0,8) (15,15) (0,0))
((16,0) (23,7) (0,0))
((16,8) (23,15) (0,0))
((0,16) (15,23) (0,0))
((0,24) (15,31) (0,0))
((16,16) (23,23) (0,0))
((16,24) (23,31) (0,0))
((24,0) (39,7) (0,0))
((24,8) (39,15) (0,0))
((24,16) (39,23) (0,0))
((24,24) (39,31) (0,0))
)
12
FabOnDisk: Cell_D_00002 13992
FabOnDisk: Cell_D_00003 18597
FabOnDisk: Cell_D_00003 27895
FabOnDisk: Cell_D_00001 0
FabOnDisk: Cell_D_00003 9298
FabOnDisk: Cell_D_00002 23289
FabOnDisk: Cell_D_00002 32588
FabOnDisk: Cell_D_00002 0
FabOnDisk: Cell_D_00003 0
FabOnDisk: Cell_D_00001 4691
FabOnDisk: Cell_D_00000 0
FabOnDisk: Cell_D_00002 4692

12,9
-8.2483470066837530e-04,0.0000000000000000e+00,1.1573109468963569e+01,0.0000000000000000e+00,-4.1721288947010248e-03,0.0000000000000000e+00,0.0000000000000000e+00,-7.0505959528218565e-01,0.0000000000000000e+00,
-1.0201612506037370e-04,1.6611287230571258e-04,8.5566856379972194e+00,1.8723743179995656e-04,-2.3250765278422480e-04,1.0300674915928709e-08,2.5196241455704180e-04,-1.0000000000000000e+02,2.4392549675915885e-18,
1.8849912944025649e-04,9.3479868360102002e-06,8.5657980114125483e+00,2.1075687575114065e-04,5.0114976239158362e-05,1.4889036462138205e-07,4.4229014523887591e-04,-9.9065259151899310e-01,6.3512724409727823e-18,
9.0899052081374395e-05,8.6629769488055143e-05,7.0790947794924737e+00,1.2666992125224798e-04,-1.0863382030988178e-05,2.7069409837066567e-09,1.9620518253637276e-04,-1.0000000000000000e+02,1.2551380736741053e-18,
7.3423616361173365e-07,9.2264375836124859e-05,6.6101279257142096e+00,1.0067045826019471e-04,-2.2837660650323264e-05,1.5079228411533746e-19,1.1408071891642669e-04,-1.0000000000000000e+02,4.2216029133237662e-19,
8.0887843125575165e-07,5.8334873095822664e-05,5.4623060720031944e+00,6.2602045604619915e-05,-2.7456728753111658e-05,6.0417494642366325e-19,6.2353455087881581e-05,-1.0000000000000000e+02,1.2611756115878373e-19,
4.2164984760046733e-05,6.3561534309903258e-05,5.8962271735763263e+00,7.9870353733650206e-05,-8.9826007950624388e-06,4.6364959063291425e-19,9.1557655058567981e-05,-1.0000000000000000e+02,2.7192181634000802e-19,
2.3759494089430564e-05,4.5219131698892509e-05,5.0541941688066023e+00,5.3454856776515816e-05,-4.5384014601942740e-06,1.3349399019857644e-20,4.7802960947350834e-05,-1.0000000000000000e+02,7.4124904379833807e-20,
6.0725921826372341e-05,9.9295518078258274e-07,5.1944512051972698e+00,6.2241934260960196e-05,8.3450513613524513e-06,6.1766750222753430e-19,5.5414506062040866e-05,-1.0000000000000000e+02,9.9609645726697310e-20,
4.8552821476446984e-05,1.5122830450712397e-05,4.9046224620435996e+00,5.3375167243797719e-05,4.9043423417260385e-06,1.3444317057468304e-20,4.5501534659671507e-05,-1.0000000000000000e+02,6.7159391113625656e-20,
3.5996633979475240e-05,2.2730043308783166e-05,4.5352438887999078e+00,4.3394479597715347e-05,6.5274833893306388e-07,2.5840438899024751e-19,3.2575807778112749e-05,-1.0000000000000000e+02,3.4422714120282507e-20,
2.6291810648166103e-05,2.2607818383167656e-05,4.1651361013109636e+00,3.4675247067689566e-05,-1.0853621924367453e-06,7.0946893264789020e-20,2.2528506147585482e-05,-1.0000000000000000e+02,1.6463401158790622e-20,

12,9
1.4445413156389747e-03,1.3502434955756019e-03,1.9999996294059756e+01,1.4974382667783210e-03,2.8668518714399858e-03,2.5446986725876680e-02,1.6630027372545316e-02,4.2851465371437936e-01,1.5432201530521253e-01,
2.6103343047879284e-04,5.7818140582144913e-04,1.3894310655837304e+01,5.8249048158443375e-04,2.8171227831492512e-03,1.1665331391425011e-04,2.8794304291651792e-03,-3.3123662260300096e-01,9.7098570621374120e-16,
1.1389363205252445e-03,4.1937494946289164e-04,1.6856237542338992e+01,1.1422315929011779e-03,8.6629447972641710e-04,4.1105579326780267e-05,6.2855343400768727e-03,-1.1406054558630299e-01,1.3165353274044170e-15,
2.6307493801539905e-04,3.1180188849944508e-04,1.1428794583962159e+01,4.0795691032709133e-04,6.3172662950066870e-05,5.5555907792225471e-05,1.2235178388272736e-03,-5.3366096932278995e-01,5.0067494663577301e-17,
7.7210724726789731e-05,1.8737479602970629e-04,9.1921450042347779e+00,1.9014530661719769e-04,1.8201832798757157e-03,7.2863790013752330e-05,1.8318144078178747e-03,-1.0000000000000000e+02,1.0884739466494587e-16,
3.7219103358790707e-05,1.0620670640594475e-04,7.0094413580945814e+00,1.0621318579452200e-04,1.0813199479282119e-03,1.2568096262791867e-05,1.0932092462007568e-03,-1.0000000000000000e+02,3.8766945418619197e-17,
8.7683762639382385e-05,1.4493140561751516e-04,8.0909517632547576e+00,1.6613784601765883e-04,6.4052820201213848e-06,5.4978125145992833e-05,2.5436172036540105e-04,-1.0000000000000000e+02,2.0987379954945109e-18,
4.5004732279909743e-05,8.3631133498107371e-05,6.3612381769032673e+00,9.2257385746394077e-05,-1.5377528043095535e-07,7.2252328776811047e-06,1.1056691841526203e-04,-1.0000000000000000e+02,3.9655655520834318e-19,
2.3758929889554380e-04,8.0230422540371218e-05,8.9098678322626661e+00,2.3770982887372658e-04,7.7473012196483036e-05,9.4777622236857740e-06,5.3887629352802110e-04,-8.9420707936160293e-01,9.4520986337721148e-18,
1.6020216327907312e-04,8.6205481979779390e-05,8.0529839425222320e+00,1.8069168892131230e-04,3.7532265693749180e-05,4.6155571296504859e-06,3.4504843665056454e-04,-1.0000000000000000e+02,3.8645171476161176e-18,
8.2906362677182484e-05,7.7545492250738777e-05,6.7485618392961744e+00,1.1351990283985406e-04,9.9643573662050163e-06,2.7126371841162849e-05,1.4963431597532834e-04,-1.0000000000000000e+02,7.2630183109357924e-19,
4.5059164320580123e-05,5.7697162761929721e-05,5.6867464048274039e+00,7.3207177790471140e-05,3.5647674744404128e-06,6.3135094552491699e-06,7.9944835102630865e-05,-1.0000000000000000e+02,2.0731730530880619e-19,

