1
1
9
0
(9 0
((0,0) (7,7) (0,0))
((8,0) (15,7) (0,0))
((0,8) (7,15) (0,0))
((8,8) (15,15) (0,0))
((16,0) (23,7) (0,0))
((16,8) (23,15) (0,0))
((0,16) (7,23) (0,0))
((8,16) (15,23) (0,0))
((16,16) (23,23) (0,0))
)
9
FabOnDisk: Cell_D_00003 4691
FabOnDisk: Cell_D_00001 0
FabOnDisk: Cell_D_00001 4689
FabOnDisk: Cell_D_00002 0
FabOnDisk: Cell_D_00002 4690
FabOnDisk: Cell_D_00003 0
FabOnDisk: Cell_D_00002 9380
FabOnDisk: Cell_D_00000 0
FabOnDisk: Cell_D_00000 4691

9,9
-7.1892225208177664e-05,0.0000000000000000e+00,2.7765419640967641e+00,0.0000000000000000e+00,-1.9908241435412962e-04,7.2757244775390877e-10,0.0000000000000000e+00,-7.2741679515257482e+00,0.0000000000000000e+00,
4.2422077945843502e-06,1.8826662905566127e-07,1.9934447994737923e+00,4.7109132044478535e-06,1.3951104897900910e-07,5.2172962521707122e-10,1.1952492119505712e-06,-1.0000000000000000e+02,4.6480382110165768e-23,
1.8210028784105682e-07,4.2894753222195376e-06,1.9908619106359471e+00,4.7430236828754343e-06,-7.6125624801581360e-07,2.8063524437536812e-21,1.2156481916422041e-06,-1.0000000000000000e+02,4.7936970089382899e-23,
2.0586560819067586e-06,2.0947565520239416e-06,1.7198229118614630e+00,2.9370171732250596e-06,-2.3965038677863284e-08,2.0889088117763306e-21,6.0188678159373306e-07,-1.0000000000000000e+02,1.1751258372919891e-23,
2.1657019309574228e-06,5.4645841647590501e-08,1.6115917560602966e+00,2.2782312693347168e-06,5.2022551111237132e-08,1.0674770201735358e-21,3.9067217407148390e-07,-1.0000000000000000e+02,4.9508495129161321e-24,
1.4478198406490482e-06,7.7144437417082809e-07,1.4999991727678748e+00,1.7553032274811479e-06,2.1461523875699574e-08,3.3780909830797965e-21,2.6044652819146384e-07,-1.0000000000000000e+02,2.2003503783396851e-24,
5.3887750372556714e-08,2.1932254542052486e-06,1.6045308140427912e+00,2.3006995704585529e-06,-1.4466861809530283e-07,1.7400294097827272e-21,4.3577035545705512e-07,-1.0000000000000000e+02,6.1598494058777233e-24,
7.5760722957587496e-07,1.4846853222452199e-06,1.4954021731427194e+00,1.7703143914142910e-06,-2.6814550119400995e-08,9.0753087923379454e-22,2.7643023912788976e-07,-1.0000000000000000e+02,2.4787107069245331e-24,
8.7636142460072151e-07,9.1591373779372403e-07,1.3780305405557489e+00,1.2676384822209670e-06,-8.6715223552253948e-10,5.7138504853325223e-22,1.5863652959361806e-07,-1.0000000000000000e+02,8.1632136556073829e-25,

9,9
5.0514238264789274e-04,3.6574065421568345e-04,1.9999996294059756e+01,5.1400627405545738e-04,4.0459409553482824e-04,2.6041616465437355e-03,1.3335915465361591e-03,6.3979451450101796e-03,1.1520316908990295e-02,
1.9888443233964895e-05,7.4528706681928823e-06,3.3018247887341872e+00,1.9924547743746987e-05,1.5101236437895385e-06,6.0199921982909897e-08,1.0739764528449670e-05,-5.1818580977760211e+00,3.7839231475525157e-21,
7.1134406828295675e-06,1.8268627321825734e-05,3.2413463530943774e+00,1.8295572323671636e-05,2.2502371478808030e-05,5.9553694683021430e-07,2.4335331313083092e-05,-6.1838370502299274e+00,3.7701472202531410e-20,
6.6971568789264758e-06,6.8031680807275392e-06,2.5368781596253474e+00,9.5464656389462917e-06,2.0273363400900440e-07,3.0382269176427693e-07,3.5631455927560697e-06,-1.0000000000000000e+02,4.1191327773582871e-22,
5.1360201130963577e-06,1.7565577754906833e-06,2.0486047665833267e+00,5.1383772558400940e-06,1.9835075378420089e-07,6.8309140856728230e-08,1.3795129918212019e-06,-1.0000000000000000e+02,6.1731430986352113e-23,
3.6100542597319692e-06,1.9860616427250766e-06,1.9017914486123664e+00,4.0578460926187256e-06,1.1051903079062012e-07,3.0701726754653686e-08,9.7523498238098171e-07,-1.0000000000000000e+02,3.0851289174114450e-23,
1.7378724161958181e-06,5.1446049794758540e-06,2.0433361228526450e+00,5.1468402106471869e-06,6.4685502164833391e-06,9.8797742900937687e-08,6.6565666008807863e-06,-1.0000000000000000e+02,1.4373261632753141e-21,
1.9655374342525159e-06,3.6491528197770847e-06,1.8988871125959612e+00,4.0858578380085464e-06,2.1033736551312593e-08,4.8440477312022353e-08,9.7237839505863954e-07,-1.0000000000000000e+02,3.0670818621341975e-23,
1.8131536606961640e-06,1.8472697089482916e-06,1.6588679034073599e+00,2.5884226036128271e-06,3.0303043201980936e-08,3.4890612137827170e-08,4.9687223787790321e-07,-1.0000000000000000e+02,8.0083717476495724e-24,

