1
1
9
0
(12 0
((0,0) (7,7) (0,0))
((8,0) (15,7) (0,0))
((0,8) (7,15) (0,0))
((8,8) (15,15) (0,0))
((16,0) (23,7) (0,0))
((24,0) (31,7) (0,0))
((16,8) (23,15) (0,0))
((24,8) (31,15) (0,0))
((0,16) (7,23) (0,0))
((8,16) (15,23) (0,0))
((16,16) (23,23) (0,0))
((24,16) (31,23) (0,0))
)
12
FabOnDisk: Cell_D_00000 9384
FabOnDisk: Cell_D_00000 18763
FabOnDisk: Cell_D_00000 23452
FabOnDisk: Cell_D_00001 0
FabOnDisk: Cell_D_00003 0
FabOnDisk: Cell_D_00003 4690
FabOnDisk: Cell_D_00000 14072
FabOnDisk: Cell_D_00003 9380
FabOnDisk: Cell_D_00003 14071
FabOnDisk: Cell_D_00002 0
FabOnDisk: Cell_D_00000 0
FabOnDisk: Cell_D_00000 4692

12,9
-6.6191199020687868e-04,0.0000000000000000e+00,8.8142759892688467e+00,0.0000000000000000e+00,-1.7402050012561281e-03,0.0000000000000000e+00,0.0000000000000000e+00,-1.2402752843145131e+00,0.0000000000000000e+00,
7.2303442129449712e-05,5.1322364404845560e-06,5.9239347473942869e+00,8.4650275363107774e-05,-4.8162536333521707e-06,5.2703164081182620e-08,1.0281121586737939e-04,-2.0169617316510995e+00,3.4285388764770271e-19,
1.6638249478075858e-06,6.0847921233381939e-05,5.5434386487105973e+00,6.5008295201207607e-05,-2.4881850673187329e-05,3.3872197054521204e-10,6.7088361852190442e-05,-1.0000000000000000e+02,1.4626109735119309e-19,
2.5031077009332574e-05,3.3788250873316759e-05,4.6608731929130824e+00,4.5036518489439649e-05,-6.6045969509389026e-06,4.9995821815780997e-10,3.8311582927581422e-05,-1.0000000000000000e+02,4.7819871065855883e-20,
3.6555977286804411e-05,1.0518035388940650e-06,4.3027314154578011e+00,3.8773400492014026e-05,3.9562573075231487e-06,1.1805467830224955e-19,3.0418705102176766e-05,-1.0000000000000000e+02,3.0014850657428878e-20,
2.1124133629795011e-05,3.9206115306089450e-07,3.4329672435846490e+00,2.1779860851227582e-05,1.6047692973323946e-06,1.5290271142913954e-19,1.1020369953370833e-05,-1.0000000000000000e+02,3.9395535682455220e-21,
2.3118025466832451e-05,1.3910811628369163e-05,3.8210958214255593e+00,2.8294919303778864e-05,1.1408745704387396e-06,1.0529851423456961e-21,1.8398455610884394e-05,-1.0000000000000000e+02,1.0980382854051718e-20,
1.6171968945981225e-05,5.8506506055544542e-06,3.2123004678467160e+00,1.8166059201644558e-05,8.6074833342303024e-07,7.2519723509113476e-20,8.5189279196033297e-06,-1.0000000000000000e+02,2.3540982810374125e-21,
6.6758454224615086e-07,3.1393084180766472e-05,4.1566678701852853e+00,3.2681258680580511e-05,-7.7449970951617423e-06,1.6571994907653145e-19,2.4258968022405318e-05,-1.0000000000000000e+02,1.9089710354979142e-20,
1.0026325866315355e-05,2.2403309290142402e-05,3.7802616879693094e+00,2.6392532287511001e-05,-2.3594036129514194e-06,3.1925522083193524e-21,1.6575733845440493e-05,-1.0000000000000000e+02,8.9125141645400887e-21,
1.3713854374740751e-05,1.4002419048241527e-05,3.3382681829432244e+00,1.9599427058313547e-05,-2.9230935847905304e-07,1.9123460677805129e-21,1.0374185452837770e-05,-1.0000000000000000e+02,3.4911036612939342e-21,
1.1454928946914340e-05,8.4361408867381738e-06,2.9427853209739627e+00,1.4302825183537337e-05,2.5238114059604109e-07,4.1614953412106162e-21,5.7349241547824400e-06,-1.0000000000000000e+02,1.0668665300723920e-21,

12,9
7.4650236789628680e-04,8.5693229008400686e-04,1.9999996294059756e+01,9.4660550333813278e-04,1.5662401919186559e-03,1.0598964830033140e-02,1.2875503997636865e-02,3.5041055848674524e-01,7.9035485741071498e-02,
9.9084228956110819e-04,3.5652003993370530e-04,1.5769172292318899e+01,9.9913321597786941e-04,8.9213271626489648e-04,1.2383976238152110e-04,4.8619510185668284e-03,-1.7000186157617492e-01,8.6299876516159485e-16,
7.0745442028571557e-05,1.7939097689460213e-04,9.0195816347634832e+00,1.8211135947248874e-04,8.8127566294131019e-04,3.5517505593060256e-05,9.0836402144961871e-04,-1.1649230732244533e+00,5.2571748894393275e-17,
8.3286493214550109e-05,1.3524332139529076e-04,7.8759099258218672e+00,1.5626599296708992e-04,1.0174888122943583e-05,2.5745503747069782e-05,2.2840817312645757e-04,-1.2948460068652143e+00,1.7648918108301752e-18,
1.0265055063874492e-04,3.6935009801872961e-05,6.3362558065363217e+00,1.0272718548666113e-04,2.0284493821937576e-05,3.8615107338246685e-07,1.4146536670460563e-04,-1.7274677171777439e+00,6.5243773331076408e-19,
4.0126774300936412e-05,1.1389604906663123e-05,4.3475830136893769e+00,4.0137079766713605e-05,4.6565447542790014e-06,1.8975611991116349e-06,3.2288850639492052e-05,-1.0000000000000000e+02,3.3818933933100852e-20,
5.9834847769358807e-05,3.7587551056713225e-05,5.5079638933536108e+00,7.0661396830400727e-05,7.5202950397961857e-06,6.7401944436533552e-07,7.7686910543471434e-05,-1.0000000000000000e+02,1.9590357277682978e-19,
3.2431983244774921e-05,1.4912231880514138e-05,4.1189633641446903e+00,3.4691126733255845e-05,3.2313939618199301e-06,9.0842813427972622e-07,2.5551212308701154e-05,-1.0000000000000000e+02,2.1177649893154207e-20,
2.0122472716038576e-05,6.5746271347697706e-05,5.6268557019502250e+00,6.5762890472476773e-05,3.3236450994418310e-04,1.2814038525797085e-05,3.3720203804254154e-04,-1.0000000000000000e+02,3.6883764352646438e-18,
2.7010122824743432e-05,5.3200720361111215e-05,5.2341822235269184e+00,5.7579815480704013e-05,5.9929302157908796e-07,1.0215991383895834e-05,4.6577983308800220e-05,-1.0000000000000000e+02,7.0374627024425689e-20,
2.6615547969416758e-05,2.9870667624434256e-05,4.4271827409466802e+00,4.0008051415205779e-05,1.6275778580967153e-06,5.3142099667519254e-06,2.8559155414297309e-05,-1.0000000000000000e+02,2.6457296457237093e-20,
2.0835142688650462e-05,1.4880063408701741e-05,3.6744703078012066e+00,2.5603114222754412e-05,1.2352288107754745e-06,1.3026306147474169e-06,1.5804331659580235e-05,-1.0000000000000000e+02,8.1022756720900489e-21,

