1
1
9
0
(8 0
((0,0) (15,15) (0,0))
((16,0) (31,15) (0,0))
((0,16) (15,31) (0,0))
((16,16) (31,31) (0,0))
((32,0) (47,15) (0,0))
((48,0) (63,15) (0,0))
((32,16) (47,31) (0,0))
((48,16) (63,31) (0,0))
)
8
FabOnDisk: Cell_D_00000 0
FabOnDisk: Cell_D_00000 18514
FabOnDisk: Cell_D_00001 0
FabOnDisk: Cell_D_00002 37030
FabOnDisk: Cell_D_00002 0
FabOnDisk: Cell_D_00002 18515
FabOnDisk: Cell_D_00003 0
FabOnDisk: Cell_D_00003 18516

8,9
4.5578211387662241e-08,4.7993712069725542e-08,1.2180673206193080e+00,7.2161925652622491e-07,-4.1310018048440769e-07,5.4199101368494960e-23,7.9027202232454033e-08,-1.0000000000000000e+02,2.0258532168991417e-25,
1.6609801222231510e-07,5.8383938269478839e-09,1.0689899754934657e+00,2.1124830448497642e-07,2.0517261926998212e-09,3.7356965210474826e-23,1.9536660643737032e-08,-1.0000000000000000e+02,1.2380991341071200e-26,
4.3329648825260176e-10,3.1770775786892358e-07,1.0048855768885243e+00,3.1779759842701728e-07,-1.4026530439669841e-08,4.6742076125464510e-23,1.9670088554745791e-08,-1.0000000000000000e+02,1.2550683638858854e-26,
4.1135438134628871e-09,1.1968286752531638e-07,1.0018422406918432e+00,1.1975353866081666e-07,-4.7670024965669520e-09,9.8432865945304012e-23,9.3407114854161835e-09,-1.0000000000000000e+02,2.8301839636450089e-27,
5.4824051278326730e-08,1.3420631634270112e-09,1.0193007598511872e+00,6.4391534365524047e-08,5.8561427065526043e-10,1.6025423388417098e-23,5.5145281037491955e-09,-1.0000000000000000e+02,9.8644182186268837e-28,
2.9408808097259672e-08,3.0852978603155845e-11,1.0004588674182346e+00,2.9419465195432828e-08,3.9491771400299561e-11,4.1024927940491826e-23,1.4912691376056786e-10,-1.0000000000000000e+02,7.2138626166932811e-31,
1.5112594480220185e-09,3.4972119110838349e-08,1.0005392166328568e+00,3.5052931251739870e-08,-2.3680222191288529e-09,1.0170421605187233e-22,3.2603770265207374e-09,-1.0000000000000000e+02,3.4481837644981837e-28,
8.2819696289661000e-10,8.2157815881241994e-10,1.0000129228711556e+00,1.1790903883805543e-09,-8.7047977082852011e-10,8.1965357644656360e-23,1.0847565448463397e-09,-1.0000000000000000e+02,3.8169749460048873e-29,

8,9
2.8232620319282786e-04,1.2359397812153003e-04,1.1008107182731894e+01,2.8565244080190388e-04,1.1334453608101324e-04,5.3648687908812518e-04,7.4979086235877669e-04,-8.1843858550401072e-01,8.4895649062514105e-03,
1.2499811697038768e-06,5.2269885027785343e-07,1.3924640769538146e+00,1.2506204058478247e-06,2.5587796361008667e-08,3.0827390831136370e-15,1.7751451020548649e-07,-1.0000000000000000e+02,1.0221684665045538e-24,
4.5558397159756026e-07,1.3771741294728998e-06,1.3680293682335911e+00,1.3776799500493793e-06,8.6680641612114804e-07,1.6543726978388333e-15,8.8940086243549634e-07,-1.0000000000000000e+02,2.5659598285660471e-23,
3.9359709836539666e-07,4.9269797781192759e-07,1.1883859579332368e+00,6.3061079374018199e-07,3.6061181780209879e-09,1.1806894846809140e-15,6.6023991075378762e-08,-1.0000000000000000e+02,1.4140289716467357e-25,
2.5331798237091052e-07,1.1998158389733354e-07,1.0979437483094141e+00,2.5337322225613004e-07,3.3859305085049857e-09,3.4461390702873814e-15,2.3467774303194599e-08,-1.0000000000000000e+02,1.7864816432058153e-26,
7.6527912087480485e-08,3.0809577254115989e-08,1.0259227961917667e+00,7.6537651337077368e-08,7.8141450621881052e-10,2.6714549621091738e-15,5.4158654618675599e-09,-1.0000000000000000e+02,9.5146014357371204e-28,
1.4452677648757296e-07,1.2951912806667785e-07,1.0601832545776004e+00,1.8975729011179524e-07,1.7637657276225549e-09,4.9098586530063240e-16,1.7475251889908954e-08,-1.0000000000000000e+02,9.9060757185070116e-27,
4.8598066610948299e-08,3.5712490054574392e-08,1.0166603663095677e+00,5.8139471005772923e-08,6.0258779872778123e-10,3.8441007231072723e-16,5.0538355287303978e-09,-1.0000000000000000e+02,8.2850851733480939e-28,

