1
1
9
0
(8 0
((56,0) (119,55) (0,0))
((120,0) (167,55) (0,0))
((56,56) (119,103) (0,0))
((120,56) (167,103) (0,0))
((168,0) (223,55) (0,0))
((224,0) (271,55) (0,0))
((168,56) (223,103) (0,0))
((224,56) (271,103) (0,0))
)
8
FabOnDisk: Cell_D_00000 193621
FabOnDisk: Cell_D_00000 0
FabOnDisk: Cell_D_00003 165975
FabOnDisk: Cell_D_00003 0
FabOnDisk: Cell_D_00001 0
FabOnDisk: Cell_D_00002 0
FabOnDisk: Cell_D_00003 387245
FabOnDisk: Cell_D_00002 193621

8,9
-1.0418936438105391e-03,0.0000000000000000e+00,1.6360174533740086e+01,0.0000000000000000e+00,0.0000000000000000e+00,0.0000000000000000e+00,0.0000000000000000e+00,-1.0000000000000000e+02,0.0000000000000000e+00,
0.0000000000000000e+00,0.0000000000000000e+00,1.9999996294059756e+01,0.0000000000000000e+00,0.0000000000000000e+00,0.0000000000000000e+00,0.0000000000000000e+00,1.0000000000000000e+02,0.0000000000000000e+00,
-9.1208020427734396e-04,0.0000000000000000e+00,1.4347890304463903e+01,0.0000000000000000e+00,-9.7607834009440925e-05,0.0000000000000000e+00,0.0000000000000000e+00,-1.0000000000000000e+02,0.0000000000000000e+00,
-6.9578820874220595e-04,0.0000000000000000e+00,1.6138221184517079e+01,0.0000000000000000e+00,-7.5154087446883066e-04,0.0000000000000000e+00,0.0000000000000000e+00,-1.0000000000000000e+02,0.0000000000000000e+00,
0.0000000000000000e+00,0.0000000000000000e+00,1.9999996294059756e+01,0.0000000000000000e+00,0.0000000000000000e+00,0.0000000000000000e+00,0.0000000000000000e+00,2.6640455203551239e-03,0.0000000000000000e+00,
0.0000000000000000e+00,0.0000000000000000e+00,1.4523041320528609e+01,0.0000000000000000e+00,0.0000000000000000e+00,0.0000000000000000e+00,0.0000000000000000e+00,-1.0000000000000000e+02,0.0000000000000000e+00,
0.0000000000000000e+00,0.0000000000000000e+00,1.4859012175934382e+01,0.0000000000000000e+00,-7.6727057214916465e-04,0.0000000000000000e+00,0.0000000000000000e+00,-1.0000000000000000e+02,0.0000000000000000e+00,
3.8808002014988823e-04,3.3845515739168376e-04,1.2435650518659699e+01,5.1493494307977106e-04,-1.0386222181665719e-04,8.4537871982220245e-18,1.6016658053135402e-03,-1.0000000000000000e+02,8.3216558500451732e-17,

8,9
0.0000000000000000e+00,8.4692636562175533e-04,1.9999996294059756e+01,1.2507520904538759e-03,1.7976883206910757e-03,1.6610163337375938e-01,8.8736249218296388e-03,1.0000000000000000e+02,2.8477874062622296e-02,
0.0000000000000000e+00,0.0000000000000000e+00,1.9999996294059756e+01,0.0000000000000000e+00,0.0000000000000000e+00,0.0000000000000000e+00,0.0000000000000000e+00,1.0000000000000000e+02,0.0000000000000000e+00,
0.0000000000000000e+00,1.1287883747436052e-03,1.9999996294059756e+01,1.3408821337670216e-03,1.3680226308523794e-03,1.7191754257421904e-01,9.2254698039176478e-03,6.1633661558534614e-02,2.6468391314307900e-02,
7.0622859754762395e-05,1.5054238854622071e-03,1.9999996294059756e+01,1.5069826924594208e-03,9.6021639387639619e-04,1.7932130135689092e-01,1.0389925730008725e-02,1.0000000000000000e+02,2.9046979185192036e-02,
0.0000000000000000e+00,0.0000000000000000e+00,1.9999996294059756e+01,0.0000000000000000e+00,0.0000000000000000e+00,2.1630694385553467e-01,0.0000000000000000e+00,1.0000000000000000e+02,0.0000000000000000e+00,
1.6761294050490572e-03,1.1078607237219530e-03,1.9999996294059756e+01,1.6838986124614503e-03,1.7455763764977305e-03,2.1588506576816391e-01,1.1650190696700733e-02,1.0000000000000000e+02,2.8585575664823931e-02,
1.1923859990409407e-03,1.5344996020200037e-03,1.9999996294059756e+01,1.6419533159377109e-03,7.3388036580951214e-04,2.1701159386686056e-01,1.1388935516110152e-02,1.0000000000000000e+02,2.8654601282664362e-02,
1.1818088887418110e-03,1.0992394517612589e-03,1.9765215590960182e+01,1.6140011220000894e-03,5.0709881293806679e-04,4.6417695717791848e-04,1.1046012559887998e-02,-5.9623468974353781e-03,9.2929870078617706e-05,

