1
1
9
0
(8 0
((0,0) (15,15) (0,0))
((16,0) (31,15) (0,0))
((0,16) (15,31) (0,0))
((16,16) (31,31) (0,0))
((32,0) (47,15) (0,0))
((48,0) (55,15) (0,0))
((32,16) (47,31) (0,0))
((48,16) (55,31) (0,0))
)
8
FabOnDisk: Cell_D_00002 9300
FabOnDisk: Cell_D_00003 0
FabOnDisk: Cell_D_00002 27814
FabOnDisk: Cell_D_00000 0
FabOnDisk: Cell_D_00002 46329
FabOnDisk: Cell_D_00002 64844
FabOnDisk: Cell_D_00001 0
FabOnDisk: Cell_D_00002 0

8,9
-1.0349797999020282e-03,0.0000000000000000e+00,1.2960205775745331e+01,0.0000000000000000e+00,-5.0536112104373355e-03,0.0000000000000000e+00,0.0000000000000000e+00,-1.0000000000000000e+02,0.0000000000000000e+00,
-5.0380615843026140e-04,0.0000000000000000e+00,1.2353887566917496e+01,0.0000000000000000e+00,-7.0332312858984872e-03,0.0000000000000000e+00,0.0000000000000000e+00,-4.2927382023286154e-01,0.0000000000000000e+00,
-1.1474180056331824e-04,1.8443134330348721e-04,9.3285251334407207e+00,1.8443255427528913e-04,-1.1652739893534231e-04,2.3783983787708166e-18,1.5264480661532131e-04,-1.0000000000000000e+02,7.5580810736198636e-19,
-5.9966462118974748e-05,1.5903015088356812e-04,8.4344572777216751e+00,1.8041977584190477e-04,-2.0866831870797447e-04,1.1092934159118214e-18,3.3707019687081351e-04,-1.0000000000000000e+02,3.6854842808004552e-18,
1.8057583692569578e-04,4.4447395333361469e-06,8.4296035466665948e+00,2.0243809863952343e-04,3.1474028277771703e-05,4.7995981461280145e-18,4.1407126395677718e-04,-1.0000000000000000e+02,5.5616661624653248e-18,
1.3001413153844647e-04,2.1055226973000403e-06,7.2290834213113229e+00,1.3954443873701535e-04,2.4240256853357389e-05,1.2224344490815213e-18,2.0748793743532052e-04,-1.0000000000000000e+02,1.3964972934307416e-18,
8.7397230607271469e-05,8.3392324310802514e-05,6.9925434594674032e+00,1.2261299592629708e-04,-1.3874114338918240e-05,4.7257484336646568e-19,1.7854433874704318e-04,-1.0000000000000000e+02,1.0340623426406460e-18,
7.9133214570373625e-05,5.2364313726856602e-05,6.3301028301142015e+00,9.8205738780299753e-05,4.7371748998713384e-06,1.0428960320978946e-18,1.1313373708787705e-04,-1.0000000000000000e+02,4.1518241326989797e-19,

8,9
0.0000000000000000e+00,1.1280799361308670e-03,1.9999996294059756e+01,1.2878426108951871e-03,5.5744178146990616e-03,3.8214935778725943e-02,1.2547328826129307e-02,2.5523274449064470e-01,3.5747789646484107e-01,
1.6148659339437238e-03,1.4556115591015299e-03,1.9999996294059756e+01,1.6629936090676893e-03,5.1802202230682229e-03,4.5746072285864227e-02,1.5989545691313223e-02,4.6896594365512267e-01,3.5361788737429811e-01,
2.5650023286413813e-05,5.3081104296867599e-04,1.4037017572605039e+01,5.3674674297134379e-04,5.5392438986645153e-03,2.0053585376010198e-04,5.5368312875000696e-03,-3.4189092074982724e-01,1.9468747295293083e-15,
2.7720594220079973e-04,6.0830591970341592e-04,1.4175998009947520e+01,6.1337296805809999e-04,5.0015117988325098e-06,2.3664433526965643e-04,2.1007440555513655e-03,-3.0585666148646962e-01,1.4769306040999264e-16,
1.2286768233645655e-03,4.5666282387039436e-04,1.7452251019759849e+01,1.2296961214884566e-03,1.0234188643854550e-03,8.5186169653598265e-05,7.1472457366429298e-03,-8.7607305827788529e-02,1.6686670073506746e-15,
2.4520361860882019e-04,8.4527001770842085e-05,9.0294070530993089e+00,2.4523621679697178e-04,8.1887865888809598e-05,4.0979559853028142e-05,5.6759258385184243e-04,-1.0000000000000000e+02,1.0450285411039956e-17,
2.7743746209989579e-04,3.3395016343235208e-04,1.1717479903853814e+01,4.3415925307763024e-04,6.1131526940857994e-05,1.2076783028922892e-04,1.2890100959595094e-03,-4.9751096883087337e-01,5.5944988152979989e-17,
1.6649511932080265e-04,8.9065718898475568e-05,8.1735553744160292e+00,1.8746311378160780e-04,3.7278720986567586e-05,2.3882393509442807e-05,3.6579450197860871e-04,-1.0000000000000000e+02,4.3403932632397748e-18,

